20
<<<<<<< HEAD
-1 -1 0 -1 0 0 0 1 
0 2 -1 1 -1 1 1 4 
1 3 0 2 0 -1 -1 6 
2 4 -1 -1 -1 0 1 4 
-1 3 -1 1 0 1 -1 4 
0 2 -1 0 0 -1 1 3 
1 -1 1 -1 -1 0 0 2 
0 -1 0 -1 0 0 1 4 
2 1 1 -1 1 -1 0 2 
3 -1 0 2 2 1 -1 3 
-1 -1 1 -1 -1 0 -1 1 
-1 1 1 -1 2 -1 0 3 
-1 -1 0 -1 1 1 -1 2 
2 -1 -1 -1 -1 1 1 6 
2 -1 -1 3 1 0 0 3 
-1 1 1 1 2 -1 1 2 
0 2 -1 -1 -1 1 0 1 
3 -1 0 -1 2 0 0 2 
-1 -1 1 0 0 -1 -1 3 
=======
-1 -1 -1 -1 2 0 0 1 
-1 -1 0 2 -1 1 -1 6 
0 -1 1 -1 2 0 -1 6 
-1 3 -1 3 -1 1 -1 5 
-1 4 -1 -1 -1 0 1 3 
2 -1 1 1 -1 1 0 6 
1 -1 1 0 1 -1 0 6 
-1 1 1 2 0 0 0 6 
2 -1 0 0 2 -1 -1 1 
2 3 1 0 -1 1 0 4 
3 -1 1 2 -1 0 0 2 
2 -1 -1 2 0 1 1 5 
-1 2 -1 1 -1 -1 1 1 
2 3 0 -1 -1 1 -1 4 
1 -1 -1 -1 0 1 0 1 
-1 4 -1 -1 2 0 0 6 
0 -1 1 -1 1 -1 0 2 
2 0 -1 -1 2 0 1 4 
-1 -1 1 0 0 0 -1 4 
>>>>>>> fd143d9defd1660e9144a81fe503d47f9051f9a5
-1 -1 -1 -1 -1 1 0 1 
